1.00000000 12.00000000 16.00000000 0.00000000 0.00000000 0.00000000
0.00000000 0.00000000 0.000000000.00000000 0.00000000 0.00000000
0 :	3.431069583e+00  1.593904100e+00  5.093183795e+00 -3.256018312e+00  2.154126172e-01  1.027800408e-01
1.00000000 12.00000000 16.00000000 0.00000000 0.00000000 0.00000000
0.00000000 0.00000000 0.000000000.00000000 0.00000000 0.00000000
10 :	3.400549097e+00  1.627496749e+00  5.086179839e+00 -3.313127491e+00  6.081135073e-02  6.396019054e-02
1.00000000 12.00000000 16.00000000 0.00000000 0.00000000 0.00000000
0.00000000 0.00000000 0.000000000.00000000 0.00000000 0.00000000
20 :	3.399434746e+00  1.643920184e+00  5.081223879e+00 -3.325709317e+00  5.298096760e-02  5.839244487e-02
1.00000000 12.04007879 16.02758991 0.00000000 0.00000000 0.00000000
0.00000000 0.00454926 0.00317919 0.00000000 0.00000000 0.00000000
30 :	3.398982028e+00  1.657578068e+00  5.077863515e+00 -3.336459554e+00  5.311534913e-02  5.494140441e-02
1.00000000 12.08583835 16.06005659 0.00000000 0.00000000 0.00000000
0.00000000 0.00458546 0.00331529 0.00000000 0.00000000 0.00000000
40 :	3.398253859e+00  1.667991182e+00  5.075886682e+00 -3.345624005e+00  5.404814492e-02  5.186906733e-02
1.00000000 12.13151426 16.09361161 0.00000000 0.00000000 0.00000000
0.00000000 0.00453552 0.00339788 0.00000000 0.00000000 0.00000000
50 :	3.397191614e+00  1.676387638e+00  5.074908127e+00 -3.354104150e+00  5.512734126e-02  4.909274227e-02
1.00000000 12.17648450 16.12785002 0.00000000 0.00000000 0.00000000
0.00000000 0.00444465 0.00345138 0.00000000 0.00000000 0.00000000
60 :	3.395845502e+00  1.683450820e+00  5.074651173e+00 -3.362256491e+00  5.603967783e-02  4.663558940e-02
1.00000000 12.22043566 16.16253053 0.00000000 0.00000000 0.00000000
0.00000000 0.00433152 0.00348536 0.00000000 0.00000000 0.00000000
70 :	3.394272682e+00  1.689515881e+00  5.074914958e+00 -3.370158157e+00  5.668350284e-02  4.449297960e-02
1.00000000 12.26319098 16.19748037 0.00000000 0.00000000 0.00000000
0.00000000 0.00420525 0.00350424 0.00000000 0.00000000 0.00000000
80 :	3.392528913e+00  1.694771140e+00  5.075546398e+00 -3.377788625e+00  5.716795434e-02  4.265047178e-02
1.00000000 12.30464399 16.23256022 0.00000000 0.00000000 0.00000000
0.00000000 0.00407085 0.00351036 0.00000000 0.00000000 0.00000000
90 :	3.390666446e+00  1.699332173e+00  5.076425866e+00 -3.385091592e+00  5.748102946e-02  4.108811660e-02
1.00000000 12.34472737 16.26764905 0.00000000 0.00000000 0.00000000
0.00000000 0.00393115 0.00350507 0.00000000 0.00000000 0.00000000
100 :	3.388732874e+00  1.703274545e+00  5.077458621e+00 -3.392000292e+00  5.879234108e-02  3.978100362e-02
1.00000000 12.38339658 16.30263699 0.00000000 0.00000000 0.00000000
0.00000000 0.00378786 0.00348925 0.00000000 0.00000000 0.00000000
110 :	3.386770675e+00  1.706650742e+00  5.078569139e+00 -3.398449206e+00  5.970076204e-02  3.870006251e-02
1.00000000 12.42062056 16.33742173 0.00000000 0.00000000 0.00000000
0.00000000 0.00364198 0.00346354 0.00000000 0.00000000 0.00000000
120 :	3.384817106e+00  1.709499792e+00  5.079697130e+00 -3.404379816e+00  6.016651616e-02  3.781341915e-02
1.00000000 12.45637650 16.37190695 0.00000000 0.00000000 0.00000000
0.00000000 0.00349414 0.00342850 0.00000000 0.00000000 0.00000000
130 :	3.382904255e+00  1.711852999e+00  5.080794628e+00 -3.409743372e+00  6.024486054e-02  3.708799731e-02
1.00000000 12.49064691 16.40600158 0.00000000 0.00000000 0.00000000
0.00000000 0.00334478 0.00338463 0.00000000 0.00000000 0.00000000
140 :	3.381059190e+00  1.713737413e+00  5.081823774e+00 -3.414501997e+00  6.010270587e-02  3.649107572e-02
1.00000000 12.52341807 16.43961970 0.00000000 0.00000000 0.00000000
0.00000000 0.00319422 0.00333245 0.00000000 0.00000000 0.00000000
150 :	3.379304158e+00  1.715177916e+00  5.082755084e+00 -3.418628842e+00  5.972174194e-02  3.599160549e-02
1.00000000 12.55467929 16.47268059 0.00000000 0.00000000 0.00000000
0.00000000 0.00304275 0.00327249 0.00000000 0.00000000 0.00000000
160 :	3.377656851e+00  1.716198473e+00  5.083566060e+00 -3.422107683e+00  5.923911826e-02  3.556118729e-02
1.00000000 12.58442264 16.50510887 0.00000000 0.00000000 0.00000000
0.00000000 0.00289063 0.00320530 0.00000000 0.00000000 0.00000000
170 :	3.376130698e+00  1.716822833e+00  5.084240043e+00 -3.424932179e+00  5.847079611e-02  3.517468703e-02
1.00000000 12.61264296 16.53683471 0.00000000 0.00000000 0.00000000
0.00000000 0.00273815 0.00313143 0.00000000 0.00000000 0.00000000
180 :	3.374735206e+00  1.717074904e+00  5.084765263e+00 -3.427104960e+00  5.765903268e-02  3.481052525e-02
1.00000000 12.63933797 16.56779399 0.00000000 0.00000000 0.00000000
0.00000000 0.00258561 0.00305147 0.00000000 0.00000000 0.00000000
190 :	3.373476317e+00  1.716978903e+00  5.085134038e+00 -3.428636624e+00  5.655710588e-02  3.445070621e-02
1.00000000 12.66450840 16.59792841 0.00000000 0.00000000 0.00000000
0.00000000 0.00243332 0.00296601 0.00000000 0.00000000 0.00000000
200 :	3.372356774e+00  1.716559376e+00  5.085342093e+00 -3.429544694e+00  5.539736367e-02  3.408066099e-02
1.00000000 12.68815823 16.62718555 0.00000000 0.00000000 0.00000000
0.00000000 0.00228160 0.00287562 0.00000000 0.00000000 0.00000000
210 :	3.371376509e+00  1.715841133e+00  5.085387979e+00 -3.429852602e+00  5.412779684e-02  3.368897309e-02
1.00000000 12.71029475 16.65551890 0.00000000 0.00000000 0.00000000
0.00000000 0.00213080 0.00278091 0.00000000 0.00000000 0.00000000
220 :	3.370533013e+00  1.714849129e+00  5.085272575e+00 -3.429588691e+00  5.262689446e-02  3.326704162e-02
1.00000000 12.73092872 16.68288780 0.00000000 0.00000000 0.00000000
0.00000000 0.00198128 0.00268245 0.00000000 0.00000000 0.00000000
230 :	3.369821707e+00  1.713608321e+00  5.084998665e+00 -3.428785279e+00  5.100141655e-02  3.280872275e-02
1.00000000 12.75007441 16.70925739 0.00000000 0.00000000 0.00000000
0.00000000 0.00183337 0.00258083 0.00000000 0.00000000 0.00000000
240 :	3.369236301e+00  1.712143507e+00  5.084570576e+00 -3.427477782e+00  4.948168063e-02  3.230997641e-02
1.00000000 12.76774961 16.73459848 0.00000000 0.00000000 0.00000000
0.00000000 0.00168743 0.00247658 0.00000000 0.00000000 0.00000000
250 :	3.368769127e+00  1.710479171e+00  5.083993864e+00 -3.425703908e+00  4.778519083e-02  3.176853472e-02
1.00000000 12.78397562 16.75888738 0.00000000 0.00000000 0.00000000
0.00000000 0.00154382 0.00237027 0.00000000 0.00000000 0.00000000
260 :	3.368411459e+00  1.708639324e+00  5.083275056e+00 -3.423502921e+00  4.593423376e-02  3.118360129e-02
1.00000000 12.79877718 16.78210571 0.00000000 0.00000000 0.00000000
0.00000000 0.00140286 0.00226240 0.00000000 0.00000000 0.00000000
270 :	3.368153805e+00  1.706647368e+00  5.082421425e+00 -3.420914987e+00  4.395128380e-02  3.055558462e-02
1.00000000 12.81218232 16.80424022 0.00000000 0.00000000 0.00000000
0.00000000 0.00126489 0.00215348 0.00000000 0.00000000 0.00000000
280 :	3.367986174e+00  1.704525961e+00  5.081440800e+00 -3.417980587e+00  4.214456951e-02  2.988586627e-02
1.00000000 12.82422230 16.82528255 0.00000000 0.00000000 0.00000000
0.00000000 0.00113021 0.00204398 0.00000000 0.00000000 0.00000000
290 :	3.367898315e+00  1.702296907e+00  5.080341414e+00 -3.414740005e+00  4.032167871e-02  2.917660183e-02
1.00000000 12.83493139 16.84522897 0.00000000 0.00000000 0.00000000
0.00000000 0.00099911 0.00193435 0.00000000 0.00000000 0.00000000
300 :	3.367879930e+00  1.699981057e+00  5.079131766e+00 -3.411232893e+00  3.840729616e-02  2.843055220e-02
1.00000000 12.84434670 16.86408011 0.00000000 0.00000000 0.00000000
0.00000000 0.00087188 0.00182502 0.00000000 0.00000000 0.00000000
310 :	3.367920861e+00  1.697598233e+00  5.077820517e+00 -3.407497889e+00  3.642045687e-02  2.765094187e-02
1.00000000 12.85250797 16.88184074 0.00000000 0.00000000 0.00000000
0.00000000 0.00074876 0.00171639 0.00000000 0.00000000 0.00000000
320 :	3.368011248e+00  1.695167163e+00  5.076416401e+00 -3.403572316e+00  3.437944484e-02  2.684134101e-02
1.00000000 12.85945739 16.89851948 0.00000000 0.00000000 0.00000000
0.00000000 0.00062998 0.00160881 0.00000000 0.00000000 0.00000000
330 :	3.368141664e+00  1.692705432e+00  5.074928151e+00 -3.399491919e+00  3.230166130e-02  2.600556827e-02
1.00000000 12.86523933 16.91412853 0.00000000 0.00000000 0.00000000
0.00000000 0.00051575 0.00150264 0.00000000 0.00000000 0.00000000
340 :	3.368303221e+00  1.690229457e+00  5.073364438e+00 -3.395290675e+00  3.048884296e-02  2.514761125e-02
1.00000000 12.86990013 16.92868337 0.00000000 0.00000000 0.00000000
0.00000000 0.00040625 0.00139819 0.00000000 0.00000000 0.00000000
350 :	3.368487659e+00  1.687754463e+00  5.071733831e+00 -3.391000635e+00  2.869992426e-02  2.427156219e-02
1.00000000 12.87348784 16.94220255 0.00000000 0.00000000 0.00000000
0.00000000 0.00030165 0.00129576 0.00000000 0.00000000 0.00000000
360 :	3.368687409e+00  1.685294480e+00  5.070044753e+00 -3.386651824e+00  2.689224895e-02  2.338156644e-02
1.00000000 12.87605200 16.95470740 0.00000000 0.00000000 0.00000000
0.00000000 0.00020207 0.00119559 0.00000000 0.00000000 0.00000000
370 :	3.368895637e+00  1.682862349e+00  5.068305455e+00 -3.382272167e+00  2.507866277e-02  2.248178162e-02
1.00000000 12.87764342 16.96622176 0.00000000 0.00000000 0.00000000
0.00000000 0.00010763 0.00109795 0.00000000 0.00000000 0.00000000
380 :	3.369106272e+00  1.680469740e+00  5.066523993e+00 -3.377887461e+00  2.327100851e-02  2.157634584e-02
1.00000000 12.87831388 16.97677178 0.00000000 0.00000000 0.00000000
0.00000000 0.00001841 0.00100303 0.00000000 0.00000000 0.00000000
390 :	3.369314016e+00  1.678127172e+00  5.064708212e+00 -3.373521368e+00  2.241553272e-02  2.066935321e-02
1.00000000 12.87811596 16.98638559 0.00000000 0.00000000 0.00000000
0.00000000 -0.00006551 0.00091103 0.00000000 0.00000000 0.00000000
400 :	3.369514338e+00  1.675844046e+00  5.062865730e+00 -3.369195438e+00  2.230766270e-02  1.976483547e-02
1.00000000 12.87710277 16.99509319 0.00000000 0.00000000 0.00000000
0.00000000 -0.00014410 0.00082212 0.00000000 0.00000000 0.00000000
410 :	3.369703462e+00  1.673628686e+00  5.061003929e+00 -3.364929153e+00  2.207338045e-02  1.886674829e-02
1.00000000 12.87532777 17.00292609 0.00000000 0.00000000 0.00000000
0.00000000 -0.00021734 0.00073644 0.00000000 0.00000000 0.00000000
420 :	3.369878334e+00  1.671488375e+00  5.059129945e+00 -3.360739985e+00  2.172457899e-02  1.797896138e-02
1.00000000 12.87284449 17.00991721 0.00000000 0.00000000 0.00000000
0.00000000 -0.00028522 0.00065412 0.00000000 0.00000000 0.00000000
430 :	3.370036591e+00  1.669429406e+00  5.057250664e+00 -3.356643479e+00  2.129831782e-02  1.710525107e-02
1.00000000 12.86970641 17.01610062 0.00000000 0.00000000 0.00000000
0.00000000 -0.00034777 0.00057526 0.00000000 0.00000000 0.00000000
440 :	3.370176513e+00  1.667457130e+00  5.055372712e+00 -3.352653330e+00  2.084630192e-02  1.624929440e-02
1.00000000 12.86596666 17.02151132 0.00000000 0.00000000 0.00000000
0.00000000 -0.00040503 0.00049994 0.00000000 0.00000000 0.00000000
450 :	3.370296976e+00  1.665576006e+00  5.053502455e+00 -3.348781485e+00  2.036865022e-02  1.541466352e-02
1.00000000 12.86167794 17.02618510 0.00000000 0.00000000 0.00000000
0.00000000 -0.00045706 0.00042824 0.00000000 0.00000000 0.00000000
460 :	3.370397398e+00  1.663789653e+00  5.051645986e+00 -3.345038241e+00  1.986886692e-02  1.460481900e-02
1.00000000 12.85689222 17.03015834 0.00000000 0.00000000 0.00000000
0.00000000 -0.00050393 0.00036021 0.00000000 0.00000000 0.00000000
470 :	3.370477679e+00  1.662100902e+00  5.049809129e+00 -3.341432352e+00  1.937301139e-02  1.382310048e-02
1.00000000 12.85166069 17.03346783 0.00000000 0.00000000 0.00000000
0.00000000 -0.00054573 0.00029587 0.00000000 0.00000000 0.00000000
480 :	3.370538148e+00  1.660511853e+00  5.047997425e+00 -3.337971130e+00  1.883688354e-02  1.307271279e-02
1.00000000 12.84603349 17.03615060 0.00000000 0.00000000 0.00000000
0.00000000 -0.00058258 0.00023524 0.00000000 0.00000000 0.00000000
490 :	3.370579498e+00  1.659023921e+00  5.046216132e+00 -3.334660555e+00  1.831542958e-02  1.235670517e-02
1.00000000 12.84005965 17.03824381 0.00000000 0.00000000 0.00000000
0.00000000 -0.00061460 0.00017832 0.00000000 0.00000000 0.00000000
500 :	3.370602730e+00  1.657637893e+00  5.044470215e+00 -3.331505378e+00  1.777971419e-02  1.167794131e-02
1.00000000 12.83378686 17.03978453 0.00000000 0.00000000 0.00000000
0.00000000 -0.00064192 0.00012511 0.00000000 0.00000000 0.00000000
510 :	3.370609097e+00  1.656353974e+00  5.042764344e+00 -3.328509221e+00  1.728232181e-02  1.103905738e-02
1.00000000 12.82726143 17.04080968 0.00000000 0.00000000 0.00000000
0.00000000 -0.00066470 0.00007557 0.00000000 0.00000000 0.00000000
520 :	3.370600047e+00  1.655171837e+00  5.041102884e+00 -3.325674674e+00  1.674793246e-02  1.044240594e-02
1.00000000 12.82052810 17.04135584 0.00000000 0.00000000 0.00000000
0.00000000 -0.00068309 0.00002967 0.00000000 0.00000000 0.00000000
530 :	3.370577172e+00  1.654090671e+00  5.039489892e+00 -3.323003391e+00  1.632121282e-02  9.889984392e-03
1.00000000 12.81362996 17.04145914 0.00000000 0.00000000 0.00000000
0.00000000 -0.00069727 -0.00001265 0.00000000 0.00000000 0.00000000
540 :	3.370542160e+00  1.653109223e+00  5.037929110e+00 -3.320496173e+00  1.587173207e-02  9.383348600e-03
1.00000000 12.80660835 17.04115517 0.00000000 0.00000000 0.00000000
0.00000000 -0.00070741 -0.00005145 0.00000000 0.00000000 0.00000000
550 :	3.370496749e+00  1.652225845e+00  5.036423957e+00 -3.318153053e+00  1.537813927e-02  8.923515476e-03
1.00000000 12.79950277 17.04047885 0.00000000 0.00000000 0.00000000
0.00000000 -0.00071371 -0.00008679 0.00000000 0.00000000 0.00000000
560 :	3.370442690e+00  1.651438530e+00  5.034977530e+00 -3.315973371e+00  1.484636521e-02  8.510862182e-03
1.00000000 12.79235079 17.03946433 0.00000000 0.00000000 0.00000000
0.00000000 -0.00071636 -0.00011876 0.00000000 0.00000000 0.00000000
570 :	3.370381707e+00  1.650744954e+00  5.033592594e+00 -3.313955841e+00  1.445171239e-02  8.145034030e-03
1.00000000 12.78518804 17.03814490 0.00000000 0.00000000 0.00000000
0.00000000 -0.00071556 -0.00014746 0.00000000 0.00000000 0.00000000
580 :	3.370315470e+00  1.650142510e+00  5.032271583e+00 -3.312098624e+00  1.414099041e-02  7.824876420e-03
1.00000000 12.77804806 17.03655292 0.00000000 0.00000000 0.00000000
0.00000000 -0.00071151 -0.00017297 0.00000000 0.00000000 0.00000000
590 :	3.370245567e+00  1.649628344e+00  5.031016596e+00 -3.310399374e+00  1.378916267e-02  7.548406940e-03
1.00000000 12.77096235 17.03471971 0.00000000 0.00000000 0.00000000
0.00000000 -0.00070444 -0.00019541 0.00000000 0.00000000 0.00000000
600 :	3.370173483e+00  1.649199387e+00  5.029829397e+00 -3.308855301e+00  1.349126683e-02  7.312840500e-03
1.00000000 12.76396028 17.03267552 0.00000000 0.00000000 0.00000000
0.00000000 -0.00069454 -0.00021489 0.00000000 0.00000000 0.00000000
610 :	3.370100582e+00  1.648852384e+00  5.028711415e+00 -3.307463216e+00  1.315565417e-02  7.114673057e-03
1.00000000 12.75706911 17.03044943 0.00000000 0.00000000 0.00000000
0.00000000 -0.00068203 -0.00023153 0.00000000 0.00000000 0.00000000
620 :	3.370028098e+00  1.648583921e+00  5.027663747e+00 -3.306219570e+00  1.278667436e-02  6.949819468e-03
1.00000000 12.75031394 17.02806934 0.00000000 0.00000000 0.00000000
0.00000000 -0.00066713 -0.00024544 0.00000000 0.00000000 0.00000000
630 :	3.369957120e+00  1.648390456e+00  5.026687164e+00 -3.305120500e+00  1.238844689e-02  6.813791208e-03
1.00000000 12.74371773 17.02556188 0.00000000 0.00000000 0.00000000
0.00000000 -0.00065006 -0.00025676 0.00000000 0.00000000 0.00000000
640 :	3.369888593e+00  1.648268338e+00  5.025782110e+00 -3.304161855e+00  1.198240895e-02  6.701893117e-03
1.00000000 12.73730132 17.02295239 0.00000000 0.00000000 0.00000000
0.00000000 -0.00063101 -0.00026562 0.00000000 0.00000000 0.00000000
650 :	3.369823314e+00  1.648213834e+00  5.024948716e+00 -3.303339235e+00  1.165573544e-02  6.609416838e-03
1.00000000 12.73108344 17.02026488 0.00000000 0.00000000 0.00000000
0.00000000 -0.00061021 -0.00027216 0.00000000 0.00000000 0.00000000
660 :	3.369761935e+00  1.648223145e+00  5.024186805e+00 -3.302648015e+00  1.140696573e-02  6.531812058e-03
1.00000000 12.72508073 17.01752204 0.00000000 0.00000000 0.00000000
0.00000000 -0.00058786 -0.00027650 0.00000000 0.00000000 0.00000000
670 :	3.369704964e+00  1.648292433e+00  5.023495901e+00 -3.302083370e+00  1.114103376e-02  6.464823200e-03
1.00000000 12.71930779 17.01474515 0.00000000 0.00000000 0.00000000
0.00000000 -0.00056415 -0.00027878 0.00000000 0.00000000 0.00000000
680 :	3.369652776e+00  1.648417833e+00  5.022875245e+00 -3.301640302e+00  1.086888076e-02  6.404586572e-03
1.00000000 12.71377723 17.01195414 0.00000000 0.00000000 0.00000000
0.00000000 -0.00053930 -0.00027915 0.00000000 0.00000000 0.00000000
690 :	3.369605618e+00  1.648595472e+00  5.022323804e+00 -3.301313658e+00  1.062401828e-02  6.347689160e-03
1.00000000 12.70849970 17.00916755 0.00000000 0.00000000 0.00000000
0.00000000 -0.00051348 -0.00027774 0.00000000 0.00000000 0.00000000
700 :	3.369563622e+00  1.648821487e+00  5.021840288e+00 -3.301098153e+00  1.035472397e-02  6.291194306e-03
1.00000000 12.70348400 17.00640255 0.00000000 0.00000000 0.00000000
0.00000000 -0.00048689 -0.00027469 0.00000000 0.00000000 0.00000000
710 :	3.369526811e+00  1.649092036e+00  5.021423164e+00 -3.300988389e+00  1.006367325e-02  6.232641434e-03
1.00000000 12.69873709 17.00367491 0.00000000 0.00000000 0.00000000
0.00000000 -0.00045969 -0.00027014 0.00000000 0.00000000 0.00000000
720 :	3.369495118e+00  1.649403316e+00  5.021070673e+00 -3.300978871e+00  9.753523297e-03  6.170027166e-03
1.00000000 12.69426419 17.00099906 0.00000000 0.00000000 0.00000000
0.00000000 -0.00043207 -0.00026422 0.00000000 0.00000000 0.00000000
730 :	3.369468391e+00  1.649751571e+00  5.020780849e+00 -3.301064029e+00  9.426883566e-03  6.101774387e-03
1.00000000 12.69006889 16.99838809 0.00000000 0.00000000 0.00000000
0.00000000 -0.00040417 -0.00025706 0.00000000 0.00000000 0.00000000
740 :	3.369446410e+00  1.650133107e+00  5.020551534e+00 -3.301238231e+00  9.086302126e-03  6.026694510e-03
1.00000000 12.68615316 16.99585376 0.00000000 0.00000000 0.00000000
0.00000000 -0.00037616 -0.00024880 0.00000000 0.00000000 0.00000000
750 :	3.369428899e+00  1.650544304e+00  5.020380402e+00 -3.301495807e+00  8.734253271e-03  5.943946844e-03
1.00000000 12.68251750 16.99340655 0.00000000 0.00000000 0.00000000
0.00000000 -0.00034819 -0.00023956 0.00000000 0.00000000 0.00000000
760 :	3.369415533e+00  1.650981621e+00  5.020264973e+00 -3.301831060e+00  8.377333941e-03  5.852997768e-03
1.00000000 12.67916100 16.99105568 0.00000000 0.00000000 0.00000000
0.00000000 -0.00032037 -0.00022947 0.00000000 0.00000000 0.00000000
770 :	3.369405958e+00  1.651441612e+00  5.020202633e+00 -3.302238287e+00  8.081700490e-03  5.753581457e-03
1.00000000 12.67608144 16.98880916 0.00000000 0.00000000 0.00000000
0.00000000 -0.00029285 -0.00021864 0.00000000 0.00000000 0.00000000
780 :	3.369399792e+00  1.651920929e+00  5.020190660e+00 -3.302711796e+00  7.775067795e-03  5.645663164e-03
1.00000000 12.67327537 16.98667381 0.00000000 0.00000000 0.00000000
0.00000000 -0.00026573 -0.00020719 0.00000000 0.00000000 0.00000000
790 :	3.369396644e+00  1.652416334e+00  5.020226233e+00 -3.303245923e+00  7.459482493e-03  5.529405570e-03
1.00000000 12.67073824 16.98465532 0.00000000 0.00000000 0.00000000
0.00000000 -0.00023913 -0.00019523 0.00000000 0.00000000 0.00000000
800 :	3.369396116e+00  1.652924702e+00  5.020306461e+00 -3.303835048e+00  7.153638766e-03  5.405138388e-03
1.00000000 12.66846444 16.98275830 0.00000000 0.00000000 0.00000000
0.00000000 -0.00021314 -0.00018287 0.00000000 0.00000000 0.00000000
810 :	3.369397813e+00  1.653443034e+00  5.020428395e+00 -3.304473616e+00  6.872134014e-03  5.273331173e-03
1.00000000 12.66644743 16.98098632 0.00000000 0.00000000 0.00000000
0.00000000 -0.00018785 -0.00017021 0.00000000 0.00000000 0.00000000
820 :	3.369401353e+00  1.653968454e+00  5.020589049e+00 -3.305156150e+00  6.594683981e-03  5.134569182e-03
1.00000000 12.66467984 16.97934196 0.00000000 0.00000000 0.00000000
0.00000000 -0.00016335 -0.00015734 0.00000000 0.00000000 0.00000000
830 :	3.369406368e+00  1.654498222e+00  5.020785418e+00 -3.305877272e+00  6.344817091e-03  4.989532069e-03
1.00000000 12.66315351 16.97782688 0.00000000 0.00000000 0.00000000
0.00000000 -0.00013970 -0.00014436 0.00000000 0.00000000 0.00000000
840 :	3.369412511e+00  1.655029734e+00  5.021014493e+00 -3.306631716e+00  6.090266096e-03  4.838975154e-03
1.00000000 12.66185966 16.97644186 0.00000000 0.00000000 0.00000000
0.00000000 -0.00011696 -0.00013135 0.00000000 0.00000000 0.00000000
850 :	3.369419462e+00  1.655560526e+00  5.021273279e+00 -3.307414343e+00  5.832611445e-03  4.683713026e-03
1.00000000 12.66078890 16.97518683 0.00000000 0.00000000 0.00000000
0.00000000 -0.00009518 -0.00011838 0.00000000 0.00000000 0.00000000
860 :	3.369426928e+00  1.656088279e+00  5.021558810e+00 -3.308220161e+00  5.573346136e-03  4.524605227e-03
1.00000000 12.65993136 16.97406099 0.00000000 0.00000000 0.00000000
0.00000000 -0.00007442 -0.00010553 0.00000000 0.00000000 0.00000000
870 :	3.369434644e+00  1.656610821e+00  5.021868160e+00 -3.309044337e+00  5.313872751e-03  4.362543781e-03
1.00000000 12.65927677 16.97306282 0.00000000 0.00000000 0.00000000
0.00000000 -0.00005470 -0.00009287 0.00000000 0.00000000 0.00000000
880 :	3.369442379e+00  1.657126125e+00  5.022198461e+00 -3.309882207e+00  5.055501313e-03  4.198442359e-03
1.00000000 12.68144191 16.98976645 0.00000000 0.00000000 0.00000000
0.00000000 -0.00003115 -0.00012801 0.00000000 0.00000000 0.00000000
890 :	3.369449659e+00  1.662069484e+00  5.031891782e+00 -3.324511607e+00  4.680359986e-03  1.945339999e-03
1.00000000 12.67055113 16.99974091 0.00000000 0.00000000 0.00000000
0.00000000 0.00016339 -0.00012242 0.00000000 0.00000000 0.00000000
900 :	3.369435851e+00  1.665440228e+00  5.032317123e+00 -3.328321499e+00  4.919173436e-03  1.851297220e-03
1.00000000 12.66516510 17.04196464 0.00000000 0.00000000 0.00000000
0.00000000 0.00035097 -0.00015936 0.00000000 0.00000000 0.00000000
910 :	3.369536853e+00  1.669473907e+00  5.031759637e+00 -3.331696690e+00  8.163641560e-03  3.658009615e-03
1.00000000 12.66953160 17.00379146 0.00000000 0.00000000 0.00000000
0.00000000 0.00006423 -0.00021856 0.00000000 0.00000000 0.00000000
920 :	3.369442618e+00  1.664002068e+00  5.032735159e+00 -3.327294610e+00  4.181899776e-03  2.111064107e-03
1.00000000 12.68047796 17.00425734 0.00000000 0.00000000 0.00000000
0.00000000 -0.00000090 -0.00025288 0.00000000 0.00000000 0.00000000
930 :	3.369459017e+00  1.662880406e+00  5.032297455e+00 -3.325718844e+00  5.362590962e-03  2.706399980e-03
1.00000000 12.67237583 16.99966451 0.00000000 0.00000000 0.00000000
0.00000000 0.00006951 -0.00019311 0.00000000 0.00000000 0.00000000
940 :	3.369430387e+00  1.663985397e+00  5.032256696e+00 -3.326811706e+00  3.948119279e-03  1.708487657e-03
1.00000000 12.67144090 17.00107394 0.00000000 0.00000000 0.00000000
0.00000000 0.00007019 -0.00020286 0.00000000 0.00000000 0.00000000
950 :	3.369417908e+00  1.663914548e+00  5.032380242e+00 -3.326876882e+00  2.508214830e-03  1.001853013e-03
1.00000000 12.67133350 17.00128656 0.00000000 0.00000000 0.00000000
0.00000000 0.00007280 -0.00019898 0.00000000 0.00000000 0.00000000
960 :	3.369425979e+00  1.663975668e+00  5.032346478e+00 -3.326896167e+00  3.566406614e-03  1.514484331e-03
1.00000000 12.67932855 16.99705185 0.00000000 0.00000000 0.00000000
0.00000000 -0.00000071 -0.00021451 0.00000000 0.00000000 0.00000000
970 :	3.369456082e+00  1.663620160e+00  5.032499493e+00 -3.326663571e+00  6.030596787e-03  2.589127391e-03
1.00000000 12.68462157 16.98884395 0.00000000 0.00000000 0.00000000
0.00000000 -0.00001052 -0.00018469 0.00000000 0.00000000 0.00000000
980 :	3.369413129e+00  1.663858446e+00  5.032310305e+00 -3.326755622e+00  1.883679751e-03  7.573139734e-04
1.00000000 12.70521338 16.96621817 0.00000000 0.00000000 0.00000000
0.00000000 -0.00012623 -0.00015445 0.00000000 0.00000000 0.00000000
990 :	3.369412582e+00  1.663504887e+00  5.032071617e+00 -3.326163922e+00  1.713657574e-03  8.398846622e-04
1.00000000 12.71665346 16.94553487 0.00000000 0.00000000 0.00000000
0.00000000 -0.00017320 -0.00011387 0.00000000 0.00000000 0.00000000
1000 :	3.369408047e+00  1.663405168e+00  5.031958199e+00 -3.325955320e+00  1.380757776e-03  5.631657298e-04
1.00000000 12.72967218 16.91550615 0.00000000 0.00000000 0.00000000
0.00000000 -0.00022156 -0.00005555 0.00000000 0.00000000 0.00000000
1010 :	3.369404171e+00  1.663161380e+00  5.031757777e+00 -3.325514986e+00  1.208201213e-04  5.542203564e-05
1.00000000 12.73040926 16.91346339 0.00000000 0.00000000 0.00000000
0.00000000 -0.00022348 -0.00005070 0.00000000 0.00000000 0.00000000
1020 :	3.369404081e+00  1.663153792e+00  5.031751040e+00 -3.325500750e+00  1.108368791e-04  4.865205018e-05
1.00000000 12.73012621 16.91353756 0.00000000 0.00000000 0.00000000
0.00000000 -0.00022173 -0.00005027 0.00000000 0.00000000 0.00000000
1030 :	3.369403947e+00  1.663160452e+00  5.031754804e+00 -3.325511309e+00  2.681251583e-05  9.605222839e-06
1.00000000 12.72962779 16.91309013 0.00000000 0.00000000 0.00000000
0.00000000 -0.00021784 -0.00004827 0.00000000 0.00000000 0.00000000
1040 :	3.369403617e+00  1.663158012e+00  5.031755248e+00 -3.325509643e+00  1.431309880e-05  6.208994212e-06
1.00000000 12.72933691 16.91288444 0.00000000 0.00000000 0.00000000
0.00000000 -0.00021545 -0.00004715 0.00000000 0.00000000 0.00000000
1050 :	3.369403437e+00  1.663158736e+00  5.031754325e+00 -3.325509624e+00  1.052641112e-05  4.151776611e-06
1.00000000 12.72898149 16.91269115 0.00000000 0.00000000 0.00000000
0.00000000 -0.00021288 -0.00004607 0.00000000 0.00000000 0.00000000
1060 :	3.369403231e+00  1.663157800e+00  5.031755554e+00 -3.325510123e+00  8.605920208e-06  3.797042864e-06
1.00000000 12.72866299 16.91222908 0.00000000 0.00000000 0.00000000
0.00000000 -0.00021014 -0.00004429 0.00000000 0.00000000 0.00000000
1070 :	3.369402989e+00  1.663157451e+00  5.031755151e+00 -3.325509613e+00  4.336225493e-06  2.247202149e-06
1.00000000 12.72860331 16.91221436 0.00000000 0.00000000 0.00000000
0.00000000 -0.00020970 -0.00004416 0.00000000 0.00000000 0.00000000
1080 :	3.369402958e+00  1.663157538e+00  5.031755163e+00 -3.325509744e+00  3.730899441e-06  2.028223851e-06
1.00000000 12.72850620 16.91215302 0.00000000 0.00000000 0.00000000
0.00000000 -0.00020896 -0.00004384 0.00000000 0.00000000 0.00000000
1090 :	3.369402901e+00  1.663157262e+00  5.031755125e+00 -3.325509487e+00  4.257164407e-06  2.050727502e-06
1.00000000 12.72876944 16.91233816 0.00000000 0.00000000 0.00000000
0.00000000 -0.00021098 -0.00004479 0.00000000 0.00000000 0.00000000
1100 :	3.369403060e+00  1.663157430e+00  5.031755222e+00 -3.325509592e+00  4.128271047e-06  2.153208034e-06
1.00000000 12.72828842 16.91200562 0.00000000 0.00000000 0.00000000
0.00000000 -0.00020729 -0.00004309 0.00000000 0.00000000 0.00000000
1110 :	3.369402771e+00  1.663157543e+00  5.031755314e+00 -3.325510086e+00  4.242349143e-06  2.163274224e-06
1.00000000 12.72813983 16.91195507 0.00000000 0.00000000 0.00000000
0.00000000 -0.00020620 -0.00004271 0.00000000 0.00000000 0.00000000
1120 :	3.369402692e+00  1.663158193e+00  5.031755356e+00 -3.325510857e+00  4.077201319e-06  2.120733707e-06
1.00000000 12.72835580 16.91209796 0.00000000 0.00000000 0.00000000
0.00000000 -0.00020787 -0.00004346 0.00000000 0.00000000 0.00000000
1130 :	3.369402820e+00  1.663157771e+00  5.031755334e+00 -3.325510285e+00  3.058268214e-06  1.860850474e-06
1.00000000 12.72827151 16.91204634 0.00000000 0.00000000 0.00000000
0.00000000 -0.00020722 -0.00004316 0.00000000 0.00000000 0.00000000
1140 :	3.369402771e+00  1.663158012e+00  5.031755140e+00 -3.325510381e+00  4.309470731e-06  2.134031190e-06
1.00000000 12.72905818 16.91260048 0.00000000 0.00000000 0.00000000
0.00000000 -0.00021330 -0.00004596 0.00000000 0.00000000 0.00000000
1150 :	3.369403248e+00  1.663157598e+00  5.031755167e+00 -3.325509517e+00  3.631686390e-06  1.817912074e-06
1.00000000 12.72946650 16.91287180 0.00000000 0.00000000 0.00000000
0.00000000 -0.00021640 -0.00004736 0.00000000 0.00000000 0.00000000
1160 :	3.369403495e+00  1.663157764e+00  5.031755042e+00 -3.325509310e+00  3.669350637e-06  2.046994042e-06
1.00000000 12.73006015 16.91321076 0.00000000 0.00000000 0.00000000
0.00000000 -0.00022086 -0.00004919 0.00000000 0.00000000 0.00000000
1170 :	3.369403845e+00  1.663157287e+00  5.031754876e+00 -3.325508318e+00  3.965015383e-06  1.798513095e-06
1.00000000 12.73022862 16.91323702 0.00000000 0.00000000 0.00000000
0.00000000 -0.00022202 -0.00004952 0.00000000 0.00000000 0.00000000
1180 :	3.369403931e+00  1.663156882e+00  5.031754547e+00 -3.325507499e+00  4.568549149e-06  2.127155964e-06
1.00000000 12.72719582 16.91060231 0.00000000 0.00000000 0.00000000
0.00000000 -0.00019794 -0.00003748 0.00000000 0.00000000 0.00000000
1190 :	3.369401993e+00  1.663155020e+00  5.031753117e+00 -3.325506144e+00  3.504667488e-06  1.841023588e-06
1.00000000 12.71655702 16.90092692 0.00000000 0.00000000 0.00000000
0.00000000 -0.00011261 0.00000614 0.00000000 0.00000000 0.00000000
1200 :	3.369395952e+00  1.663149051e+00  5.031749549e+00 -3.325502648e+00  3.174709452e-06  1.335942283e-06
1.00000000 12.70810539 16.89306235 0.00000000 0.00000000 0.00000000
0.00000000 -0.00004434 0.00004135 0.00000000 0.00000000 0.00000000
1210 :	3.369392073e+00  1.663147163e+00  5.031751415e+00 -3.325506505e+00  2.378291054e-06  1.254384822e-06
1.00000000 12.70676322 16.89176511 0.00000000 0.00000000 0.00000000
0.00000000 -0.00003343 0.00004705 0.00000000 0.00000000 0.00000000
1220 :	3.369391529e+00  1.663146899e+00  5.031752469e+00 -3.325507840e+00  3.215395364e-06  1.122677503e-06
1.00000000 12.70594618 16.89100227 0.00000000 0.00000000 0.00000000
0.00000000 -0.00002681 0.00005046 0.00000000 0.00000000 0.00000000
1230 :	3.369391212e+00  1.663146898e+00  5.031752723e+00 -3.325508409e+00  8.885045826e-07  4.870905729e-07
1.00000000 12.70654610 16.89155307 0.00000000 0.00000000 0.00000000
0.00000000 -0.00003165 0.00004797 0.00000000 0.00000000 0.00000000
1240 :	3.369391443e+00  1.663146941e+00  5.031752919e+00 -3.325508417e+00  5.337503304e-06  1.686815590e-06
1.00000000 12.70557168 16.89058502 0.00000000 0.00000000 0.00000000
0.00000000 -0.00002367 0.00005221 0.00000000 0.00000000 0.00000000
1250 :	3.369391062e+00  1.663146659e+00  5.031752749e+00 -3.325508346e+00  1.116445601e-06  5.795506007e-07
1.00000000 12.70572763 16.89070134 0.00000000 0.00000000 0.00000000
0.00000000 -0.00002489 0.00005163 0.00000000 0.00000000 0.00000000
1260 :	3.369391118e+00  1.663146566e+00  5.031752646e+00 -3.325508094e+00  7.588235137e-07  4.540904578e-07
1.00000000 12.70526713 16.89023720 0.00000000 0.00000000 0.00000000
0.00000000 -0.00002111 0.00005365 0.00000000 0.00000000 0.00000000
1270 :	3.369390940e+00  1.663146347e+00  5.031752704e+00 -3.325508110e+00  1.141822698e-06  4.951933445e-07
1.00000000 12.70531983 16.89028669 0.00000000 0.00000000 0.00000000
0.00000000 -0.00002153 0.00005342 0.00000000 0.00000000 0.00000000
1280 :	3.369390960e+00  1.663146334e+00  5.031752692e+00 -3.325508065e+00  9.717767879e-07  4.467006356e-07
1.00000000 12.70558832 16.89057108 0.00000000 0.00000000 0.00000000
0.00000000 -0.00002376 0.00005221 0.00000000 0.00000000 0.00000000
1290 :	3.369391065e+00  1.663146455e+00  5.031752663e+00 -3.325508053e+00  1.163943728e-06  5.611924812e-07
1.00000000 12.70574594 16.89075809 0.00000000 0.00000000 0.00000000
0.00000000 -0.00002509 0.00005144 0.00000000 0.00000000 0.00000000
1300 :	3.369391129e+00  1.663146583e+00  5.031752692e+00 -3.325508145e+00  9.790945166e-07  4.030223753e-07
1.00000000 12.70567537 16.89071196 0.00000000 0.00000000 0.00000000
0.00000000 -0.00002456 0.00005168 0.00000000 0.00000000 0.00000000
1310 :	3.369391105e+00  1.663146676e+00  5.031752758e+00 -3.325508329e+00  1.196570347e-06  6.005980933e-07
1.00000000 12.70607464 16.89112259 0.00000000 0.00000000 0.00000000
0.00000000 -0.00002785 0.00004992 0.00000000 0.00000000 0.00000000
1320 :	3.369391261e+00  1.663146801e+00  5.031752539e+00 -3.325508079e+00  7.956015549e-07  4.383680299e-07
1.00000000 12.70652220 16.89156251 0.00000000 0.00000000 0.00000000
0.00000000 -0.00003151 0.00004799 0.00000000 0.00000000 0.00000000
1330 :	3.369391437e+00  1.663146838e+00  5.031752205e+00 -3.325507606e+00  9.888577487e-07  4.354114864e-07
1.00000000 12.70699393 16.89200049 0.00000000 0.00000000 0.00000000
0.00000000 -0.00003534 0.00004603 0.00000000 0.00000000 0.00000000
1340 :	3.369391622e+00  1.663146775e+00  5.031751728e+00 -3.325506881e+00  1.142512915e-06  4.189082140e-07
1.00000000 12.70685484 16.89176477 0.00000000 0.00000000 0.00000000
0.00000000 -0.00003404 0.00004690 0.00000000 0.00000000 0.00000000
1350 :	3.369391556e+00  1.663146501e+00  5.031751700e+00 -3.325506645e+00  7.407541550e-07  4.202709073e-07
1.00000000 12.70670102 16.89155663 0.00000000 0.00000000 0.00000000
0.00000000 -0.00003269 0.00004772 0.00000000 0.00000000 0.00000000
1360 :	3.369391488e+00  1.663146293e+00  5.031751694e+00 -3.325506499e+00  9.957304665e-07  4.583363230e-07
1.00000000 12.70606391 16.89079774 0.00000000 0.00000000 0.00000000
0.00000000 -0.00002726 0.00005082 0.00000000 0.00000000 0.00000000
1370 :	3.369391223e+00  1.663145886e+00  5.031752163e+00 -3.325506827e+00  9.883598487e-07  4.653613145e-07
1.00000000 12.70656007 16.89163079 0.00000000 0.00000000 0.00000000
0.00000000 -0.00003189 0.00004775 0.00000000 0.00000000 0.00000000
1380 :	3.369391456e+00  1.663146831e+00  5.031751839e+00 -3.325507214e+00  1.424515345e-06  4.576987171e-07
1.00000000 12.70636237 16.89164688 0.00000000 0.00000000 0.00000000
0.00000000 -0.00003062 0.00004804 0.00000000 0.00000000 0.00000000
1390 :	3.369391401e+00  1.663147340e+00  5.031751983e+00 -3.325507922e+00  1.440547494e-06  4.543015126e-07
1.00000000 12.70561204 16.89144880 0.00000000 0.00000000 0.00000000
0.00000000 -0.00002537 0.00004981 0.00000000 0.00000000 0.00000000
1400 :	3.369391168e+00  1.663148602e+00  5.031752526e+00 -3.325509961e+00  1.315868024e-06  5.467147358e-07
1.00000000 12.70534899 16.89115123 0.00000000 0.00000000 0.00000000
0.00000000 -0.00002315 0.00005105 0.00000000 0.00000000 0.00000000
1410 :	3.369391062e+00  1.663148459e+00  5.031752648e+00 -3.325510046e+00  1.648159340e-06  5.283143986e-07
1.00000000 12.70464112 16.89104969 0.00000000 0.00000000 0.00000000
0.00000000 -0.00001834 0.00005249 0.00000000 0.00000000 0.00000000
1420 :	3.369390856e+00  1.663149984e+00  5.031753046e+00 -3.325512174e+00  1.006362834e-06  5.419473653e-07
1.00000000 12.70518814 16.89097874 0.00000000 0.00000000 0.00000000
0.00000000 -0.00002181 0.00005177 0.00000000 0.00000000 0.00000000
1430 :	3.369390998e+00  1.663148411e+00  5.031752855e+00 -3.325510267e+00  1.147573801e-06  5.231821007e-07
1.00000000 12.70519028 16.89115075 0.00000000 0.00000000 0.00000000
0.00000000 -0.00002211 0.00005130 0.00000000 0.00000000 0.00000000
1440 :	3.369391018e+00  1.663148918e+00  5.031752863e+00 -3.325510763e+00  1.073174563e-06  4.555390763e-07
1.00000000 12.70508393 16.89104750 0.00000000 0.00000000 0.00000000
0.00000000 -0.00002124 0.00005176 0.00000000 0.00000000 0.00000000
1450 :	3.369390977e+00  1.663148884e+00  5.031752874e+00 -3.325510781e+00  1.200204466e-06  4.483635938e-07
1.00000000 12.70503608 16.89117118 0.00000000 0.00000000 0.00000000
0.00000000 -0.00002113 0.00005151 0.00000000 0.00000000 0.00000000
1460 :	3.369390977e+00  1.663149368e+00  5.031752878e+00 -3.325511268e+00  1.103171608e-06  4.695511807e-07
1.00000000 12.70562292 16.89133512 0.00000000 0.00000000 0.00000000
0.00000000 -0.00002525 0.00005009 0.00000000 0.00000000 0.00000000
1470 :	3.369391158e+00  1.663148358e+00  5.031752530e+00 -3.325509730e+00  1.015410177e-06  4.523212961e-07
1.00000000 12.70525925 16.89097412 0.00000000 0.00000000 0.00000000
0.00000000 -0.00002227 0.00005167 0.00000000 0.00000000 0.00000000
1480 :	3.369391018e+00  1.663148245e+00  5.031752522e+00 -3.325509749e+00  8.477058215e-07  4.363296406e-07
1.00000000 12.70527098 16.89120139 0.00000000 0.00000000 0.00000000
0.00000000 -0.00002272 0.00005104 0.00000000 0.00000000 0.00000000
1490 :	3.369391045e+00  1.663148842e+00  5.031752508e+00 -3.325510304e+00  1.108211556e-06  4.497636379e-07
1.00000000 12.70328515 16.89427668 0.00000000 0.00000000 0.00000000
0.00000000 -0.00001478 0.00004603 0.00000000 0.00000000 0.00000000
1500 :	3.369390846e+00  1.663161779e+00  5.031754544e+00 -3.325525476e+00  9.378028812e-07  4.270089602e-07
1.00000000 12.70331169 16.89590102 0.00000000 0.00000000 0.00000000
0.00000000 -0.00001764 0.00004160 0.00000000 0.00000000 0.00000000
1510 :	3.369391042e+00  1.663165986e+00  5.031755099e+00 -3.325530043e+00  6.955461128e-07  3.440351998e-07
1.00000000 12.70295329 16.89632232 0.00000000 0.00000000 0.00000000
0.00000000 -0.00001598 0.00004105 0.00000000 0.00000000 0.00000000
1520 :	3.369390995e+00  1.663168082e+00  5.031755595e+00 -3.325532681e+00  1.224409956e-06  4.702339834e-07
1.00000000 12.70187755 16.89730254 0.00000000 0.00000000 0.00000000
0.00000000 -0.00001054 0.00004019 0.00000000 0.00000000 0.00000000
1530 :	3.369390824e+00  1.663173186e+00  5.031756656e+00 -3.325539018e+00  1.379736425e-06  5.678981345e-07
1.00000000 12.70258438 16.89560751 0.00000000 0.00000000 0.00000000
0.00000000 -0.00001238 0.00004359 0.00000000 0.00000000 0.00000000
1540 :	3.369390812e+00  1.663167031e+00  5.031755881e+00 -3.325532101e+00  9.353148254e-07  4.365965958e-07
1.00000000 12.70309972 16.89469641 0.00000000 0.00000000 0.00000000
0.00000000 -0.00001426 0.00004519 0.00000000 0.00000000 0.00000000
1550 :	3.369390845e+00  1.663163306e+00  5.031755299e+00 -3.325527760e+00  6.783269602e-07  4.660735753e-07
1.00000000 12.70279032 16.89578833 0.00000000 0.00000000 0.00000000
0.00000000 -0.00001405 0.00004277 0.00000000 0.00000000 0.00000000
1560 :	3.369390888e+00  1.663166926e+00  5.031755567e+00 -3.325531605e+00  8.342107269e-07  4.007752288e-07
1.00000000 12.70227237 16.89834095 0.00000000 0.00000000 0.00000000
0.00000000 -0.00001487 0.00003675 0.00000000 0.00000000 0.00000000
1570 :	3.369391056e+00  1.663174834e+00  5.031756911e+00 -3.325540690e+00  9.901933291e-07  4.559240273e-07
1.00000000 12.70131262 16.90117516 0.00000000 0.00000000 0.00000000
0.00000000 -0.00001328 0.00003071 0.00000000 0.00000000 0.00000000
1580 :	3.369391156e+00  1.663184559e+00  5.031759256e+00 -3.325552659e+00  8.501671134e-07  4.253071882e-07
1.00000000 12.70116000 16.90350461 0.00000000 0.00000000 0.00000000
0.00000000 -0.00001614 0.00002470 0.00000000 0.00000000 0.00000000
1590 :	3.369391422e+00  1.663190992e+00  5.031760184e+00 -3.325559754e+00  7.789047197e-07  4.256817505e-07
1.00000000 12.70037325 16.90559441 0.00000000 0.00000000 0.00000000
0.00000000 -0.00001443 0.00002040 0.00000000 0.00000000 0.00000000
1600 :	3.369391496e+00  1.663198695e+00  5.031761511e+00 -3.325568709e+00  1.234780144e-06  5.385542769e-07
1.00000000 12.69875064 16.90910220 0.00000000 0.00000000 0.00000000
0.00000000 -0.00000958 0.00001367 0.00000000 0.00000000 0.00000000
1610 :	3.369391564e+00  1.663211916e+00  5.031766214e+00 -3.325586566e+00  5.914724495e-07  1.937275267e-07
1.00000000 12.69650053 16.91337419 0.00000000 0.00000000 0.00000000
0.00000000 -0.00000184 0.00000594 0.00000000 0.00000000 0.00000000
1620 :	3.369391617e+00  1.663229127e+00  5.031771105e+00 -3.325608614e+00  1.233323104e-06  5.166950325e-07
1.00000000 12.69575371 16.91526941 0.00000000 0.00000000 0.00000000
0.00000000 -0.00000009 0.00000209 0.00000000 0.00000000 0.00000000
1630 :	3.369391720e+00  1.663235980e+00  5.031773893e+00 -3.325618153e+00  2.492808960e-07  1.135233726e-07
1.00000000 12.69553511 16.91597268 0.00000000 0.00000000 0.00000000
0.00000000 0.00000019 0.00000057 0.00000000 0.00000000 0.00000000
1640 :	3.369391776e+00  1.663238477e+00  5.031774720e+00 -3.325621421e+00  5.317006657e-08  1.746621479e-08
1.00000000 12.69551623 16.91606375 0.00000000 0.00000000 0.00000000
0.00000000 0.00000016 0.00000036 0.00000000 0.00000000 0.00000000
1650 :	3.369391785e+00  1.663238776e+00  5.031774850e+00 -3.325621840e+00  2.503942698e-08  7.498710273e-09
1.00000000 12.69550565 16.91610609 0.00000000 0.00000000 0.00000000
0.00000000 0.00000016 0.00000026 0.00000000 0.00000000 0.00000000
1660 :	3.369391790e+00  1.663238921e+00  5.031774895e+00 -3.325622026e+00  2.586840520e-08  1.101730387e-08
1.00000000 12.69550244 16.91617270 0.00000000 0.00000000 0.00000000
0.00000000 0.00000008 0.00000009 0.00000000 0.00000000 0.00000000
1670 :	3.369391799e+00  1.663239110e+00  5.031774988e+00 -3.325622299e+00  1.652858062e-08  6.491204565e-09
1.00000000 12.69550061 16.91623071 0.00000000 0.00000000 0.00000000
0.00000000 -0.00000001 -0.00000006 0.00000000 0.00000000 0.00000000
1680 :	3.369391808e+00  1.663239273e+00  5.031775066e+00 -3.325622531e+00  1.649904957e-08  6.156997028e-09
1.00000000 12.69550118 16.91623232 0.00000000 0.00000000 0.00000000
0.00000000 -0.00000001 -0.00000007 0.00000000 0.00000000 0.00000000
1690 :	3.369391808e+00  1.663239276e+00  5.031775068e+00 -3.325622536e+00  1.550751261e-08  6.305867115e-09
1.00000000 12.69551932 16.91619839 0.00000000 0.00000000 0.00000000
0.00000000 -0.00000008 -0.00000001 0.00000000 0.00000000 0.00000000
1700 :	3.369391808e+00  1.663239140e+00  5.031775018e+00 -3.325622350e+00  1.355491719e-08  5.855963811e-09
1.00000000 12.69553103 16.91618809 0.00000000 0.00000000 0.00000000
0.00000000 -0.00000014 0.00000000 0.00000000 0.00000000 0.00000000
1710 :	3.369391809e+00  1.663239082e+00  5.031774995e+00 -3.325622267e+00  1.304144492e-08  8.193935665e-09
1.00000000 12.69552505 16.91618962 0.00000000 0.00000000 0.00000000
0.00000000 -0.00000010 0.00000001 0.00000000 0.00000000 0.00000000
1720 :	3.369391808e+00  1.663239100e+00  5.031774998e+00 -3.325622291e+00  1.863016807e-08  7.029760030e-09
1.00000000 12.69552621 16.91614942 0.00000000 0.00000000 0.00000000
0.00000000 -0.00000004 0.00000011 0.00000000 0.00000000 0.00000000
1730 :	3.369391802e+00  1.663238988e+00  5.031774952e+00 -3.325622138e+00  1.909864566e-08  6.567597727e-09
1.00000000 12.69551889 16.91616858 0.00000000 0.00000000 0.00000000
0.00000000 -0.00000003 0.00000007 0.00000000 0.00000000 0.00000000
1740 :	3.369391803e+00  1.663239058e+00  5.031774978e+00 -3.325622232e+00  1.752727541e-08  6.169598546e-09
1.00000000 12.69550718 16.91618609 0.00000000 0.00000000 0.00000000
0.00000000 0.00000002 0.00000005 0.00000000 0.00000000 0.00000000
1750 :	3.369391803e+00  1.663239134e+00  5.031775007e+00 -3.325622339e+00  1.457635657e-08  7.092836502e-09
1.00000000 12.69550732 16.91617019 0.00000000 0.00000000 0.00000000
0.00000000 0.00000005 0.00000009 0.00000000 0.00000000 0.00000000
1760 :	3.369391800e+00  1.663239090e+00  5.031775000e+00 -3.325622290e+00  1.589892495e-08  5.856358934e-09
1.00000000 12.69550848 16.91617467 0.00000000 0.00000000 0.00000000
0.00000000 0.00000003 0.00000008 0.00000000 0.00000000 0.00000000
1770 :	3.369391801e+00  1.663239100e+00  5.031775006e+00 -3.325622305e+00  2.784208275e-08  1.322515521e-08
1.00000000 12.69550230 16.91617392 0.00000000 0.00000000 0.00000000
0.00000000 0.00000007 0.00000009 0.00000000 0.00000000 0.00000000
1780 :	3.369391799e+00  1.663239113e+00  5.031775016e+00 -3.325622330e+00  1.712337916e-08  6.146811760e-09
1.00000000 12.69550210 16.91617452 0.00000000 0.00000000 0.00000000
0.00000000 0.00000007 0.00000009 0.00000000 0.00000000 0.00000000
1790 :	3.369391800e+00  1.663239115e+00  5.031775019e+00 -3.325622334e+00  1.669679794e-08  7.259572665e-09
1.00000000 12.69550566 16.91618367 0.00000000 0.00000000 0.00000000
0.00000000 0.00000004 0.00000006 0.00000000 0.00000000 0.00000000
1800 :	3.369391802e+00  1.663239133e+00  5.031775034e+00 -3.325622365e+00  1.477245370e-08  5.928765641e-09
1.00000000 12.69550479 16.91618550 0.00000000 0.00000000 0.00000000
0.00000000 0.00000004 0.00000005 0.00000000 0.00000000 0.00000000
1810 :	3.369391802e+00  1.663239139e+00  5.031775030e+00 -3.325622367e+00  1.583918019e-08  6.749373601e-09
1.00000000 12.69551192 16.91615935 0.00000000 0.00000000 0.00000000
0.00000000 0.00000004 0.00000011 0.00000000 0.00000000 0.00000000
1820 :	3.369391800e+00  1.663239051e+00  5.031774990e+00 -3.325622241e+00  1.242709413e-08  5.382888334e-09
1.00000000 12.69551622 16.91615591 0.00000000 0.00000000 0.00000000
0.00000000 0.00000001 0.00000011 0.00000000 0.00000000 0.00000000
1830 :	3.369391800e+00  1.663239031e+00  5.031774983e+00 -3.325622214e+00  1.947886630e-08  6.050519141e-09
1.00000000 12.69551040 16.91616918 0.00000000 0.00000000 0.00000000
0.00000000 0.00000003 0.00000009 0.00000000 0.00000000 0.00000000
1840 :	3.369391801e+00  1.663239081e+00  5.031774996e+00 -3.325622276e+00  1.432637675e-08  5.328683702e-09
1.00000000 12.69549740 16.91619404 0.00000000 0.00000000 0.00000000
0.00000000 0.00000007 0.00000004 0.00000000 0.00000000 0.00000000
1850 :	3.369391801e+00  1.663239181e+00  5.031775052e+00 -3.325622431e+00  1.414519790e-08  5.597481656e-09
1.00000000 12.69550291 16.91618861 0.00000000 0.00000000 0.00000000
0.00000000 0.00000005 0.00000005 0.00000000 0.00000000 0.00000000
1860 :	3.369391802e+00  1.663239153e+00  5.031775037e+00 -3.325622388e+00  1.356054324e-08  5.978981647e-09
1.00000000 12.69550645 16.91618121 0.00000000 0.00000000 0.00000000
0.00000000 0.00000004 0.00000006 0.00000000 0.00000000 0.00000000
1870 :	3.369391802e+00  1.663239123e+00  5.031775038e+00 -3.325622360e+00  1.500119529e-08  5.955342116e-09
1.00000000 12.69550516 16.91617400 0.00000000 0.00000000 0.00000000
0.00000000 0.00000006 0.00000008 0.00000000 0.00000000 0.00000000
1880 :	3.369391800e+00  1.663239107e+00  5.031775000e+00 -3.325622307e+00  1.485627998e-08  5.957441053e-09
1.00000000 12.69550377 16.91617163 0.00000000 0.00000000 0.00000000
0.00000000 0.00000007 0.00000009 0.00000000 0.00000000 0.00000000
1890 :	3.369391799e+00  1.663239103e+00  5.031775003e+00 -3.325622307e+00  1.405434558e-08  7.193331672e-09
1.00000000 12.69549954 16.91618108 0.00000000 0.00000000 0.00000000
0.00000000 0.00000008 0.00000007 0.00000000 0.00000000 0.00000000
1900 :	3.369391800e+00  1.663239140e+00  5.031775052e+00 -3.325622392e+00  1.556366747e-08  6.037658965e-09
1.00000000 12.69550007 16.91617154 0.00000000 0.00000000 0.00000000
0.00000000 0.00000009 0.00000010 0.00000000 0.00000000 0.00000000
1910 :	3.369391799e+00  1.663239112e+00  5.031775067e+00 -3.325622380e+00  1.565188812e-08  6.368149454e-09
1.00000000 12.69549449 16.91620582 0.00000000 0.00000000 0.00000000
0.00000000 0.00000007 0.00000002 0.00000000 0.00000000 0.00000000
1920 :	3.369391803e+00  1.663239220e+00  5.031774869e+00 -3.325622286e+00  1.451598186e-08  6.510758018e-09
1.00000000 12.69548787 16.91620718 0.00000000 0.00000000 0.00000000
0.00000000 0.00000011 0.00000002 0.00000000 0.00000000 0.00000000
1930 :	3.369391801e+00  1.663239239e+00  5.031775139e+00 -3.325622577e+00  1.484331058e-08  5.947517501e-09
1.00000000 12.69550473 16.91617016 0.00000000 0.00000000 0.00000000
0.00000000 0.00000006 0.00000009 0.00000000 0.00000000 0.00000000
1940 :	3.369391799e+00  1.663239098e+00  5.031775046e+00 -3.325622345e+00  1.757534318e-08  6.332071317e-09
1.00000000 12.69551547 16.91615945 0.00000000 0.00000000 0.00000000
0.00000000 0.00000001 0.00000010 0.00000000 0.00000000 0.00000000
1950 :	3.369391801e+00  1.663239043e+00  5.031774706e+00 -3.325621948e+00  1.555419415e-08  6.080933240e-09
1.00000000 12.69551115 16.91616524 0.00000000 0.00000000 0.00000000
0.00000000 0.00000003 0.00000010 0.00000000 0.00000000 0.00000000
1960 :	3.369391800e+00  1.663239068e+00  5.031774624e+00 -3.325621892e+00  1.808489747e-08  6.381190333e-09
1.00000000 12.69550932 16.91619175 0.00000000 0.00000000 0.00000000
0.00000000 -0.00000000 0.00000003 0.00000000 0.00000000 0.00000000
1970 :	3.369391804e+00  1.663239146e+00  5.031774256e+00 -3.325621598e+00  1.499597835e-08  6.134285524e-09
1.00000000 12.69550690 16.91620555 0.00000000 0.00000000 0.00000000
0.00000000 -0.00000001 -0.00000000 0.00000000 0.00000000 0.00000000
1980 :	3.369391806e+00  1.663239190e+00  5.031774270e+00 -3.325621654e+00  1.588245768e-08  5.779846408e-09
1.00000000 12.69548784 16.91624375 0.00000000 0.00000000 0.00000000
0.00000000 0.00000005 -0.00000008 0.00000000 0.00000000 0.00000000
1990 :	3.369391807e+00  1.663239340e+00  5.031774429e+00 -3.325621962e+00  1.732950505e-08  6.058482797e-09
1.00000000 12.69549717 16.91622603 0.00000000 0.00000000 0.00000000
0.00000000 0.00000002 -0.00000004 0.00000000 0.00000000 0.00000000
2000 :	3.369391806e+00  1.663239269e+00  5.031774375e+00 -3.325621838e+00  1.287998985e-08  5.863126635e-09
1.00000000 12.69549874 16.91621967 0.00000000 0.00000000 0.00000000
0.00000000 0.00000002 -0.00000003 0.00000000 0.00000000 0.00000000
2010 :	3.369391806e+00  1.663239249e+00  5.031774469e+00 -3.325621911e+00  1.464306443e-08  6.209065635e-09
1.00000000 12.69550636 16.91620685 0.00000000 0.00000000 0.00000000
0.00000000 -0.00000001 -0.00000001 0.00000000 0.00000000 0.00000000
2020 :	3.369391806e+00  1.663239194e+00  5.031774272e+00 -3.325621661e+00  1.540252181e-08  5.998033542e-09
1.00000000 12.69550664 16.91620965 0.00000000 0.00000000 0.00000000
0.00000000 -0.00000001 -0.00000002 0.00000000 0.00000000 0.00000000
2030 :	3.369391806e+00  1.663239201e+00  5.031774340e+00 -3.325621735e+00  1.521909676e-08  6.033434607e-09
1.00000000 12.69550470 16.91621287 0.00000000 0.00000000 0.00000000
0.00000000 -0.00000001 -0.00000002 0.00000000 0.00000000 0.00000000
2040 :	3.369391806e+00  1.663239215e+00  5.031774319e+00 -3.325621728e+00  1.927139526e-08  6.019873798e-09
1.00000000 12.69550585 16.91619350 0.00000000 0.00000000 0.00000000
0.00000000 0.00000002 0.00000003 0.00000000 0.00000000 0.00000000
2050 :	3.369391803e+00  1.663239159e+00  5.031774567e+00 -3.325621923e+00  1.519349346e-08  7.278870846e-09
1.00000000 12.69549189 16.91618532 0.00000000 0.00000000 0.00000000
0.00000000 0.00000012 0.00000007 0.00000000 0.00000000 0.00000000
2060 :	3.369391799e+00  1.663239170e+00  5.031775126e+00 -3.325622497e+00  1.262052174e-08  5.762417903e-09
1.00000000 12.69549768 16.91619559 0.00000000 0.00000000 0.00000000
0.00000000 0.00000007 0.00000004 0.00000000 0.00000000 0.00000000
2070 :	3.369391802e+00  1.663239184e+00  5.031774854e+00 -3.325622237e+00  1.399153859e-08  5.746647691e-09
1.00000000 12.69551133 16.91617404 0.00000000 0.00000000 0.00000000
0.00000000 0.00000001 0.00000007 0.00000000 0.00000000 0.00000000
2080 :	3.369391802e+00  1.663239093e+00  5.031774958e+00 -3.325622249e+00  2.368719487e-08  1.014010001e-08
1.00000000 12.69550783 16.91616891 0.00000000 0.00000000 0.00000000
0.00000000 0.00000005 0.00000009 0.00000000 0.00000000 0.00000000
2090 :	3.369391800e+00  1.663239087e+00  5.031774994e+00 -3.325622281e+00  1.724840393e-08  6.846947612e-09
1.00000000 12.69551235 16.91617394 0.00000000 0.00000000 0.00000000
0.00000000 0.00000001 0.00000007 0.00000000 0.00000000 0.00000000
2100 :	3.369391802e+00  1.663239090e+00  5.031774425e+00 -3.325621713e+00  1.980522624e-08  7.674508416e-09
1.00000000 12.69551057 16.91618975 0.00000000 0.00000000 0.00000000
0.00000000 -0.00000001 0.00000003 0.00000000 0.00000000 0.00000000
2110 :	3.369391804e+00  1.663239137e+00  5.031773743e+00 -3.325621076e+00  1.561819407e-08  6.376432869e-09
1.00000000 12.69551882 16.91617266 0.00000000 0.00000000 0.00000000
0.00000000 -0.00000003 0.00000006 0.00000000 0.00000000 0.00000000
2120 :	3.369391803e+00  1.663239070e+00  5.031774558e+00 -3.325621825e+00  1.672574523e-08  6.660596466e-09
1.00000000 12.69552407 16.91616147 0.00000000 0.00000000 0.00000000
0.00000000 -0.00000005 0.00000008 0.00000000 0.00000000 0.00000000
2130 :	3.369391803e+00  1.663239028e+00  5.031774855e+00 -3.325622080e+00  1.577202813e-08  6.396159786e-09
1.00000000 12.69551900 16.91618760 0.00000000 0.00000000 0.00000000
0.00000000 -0.00000006 0.00000002 0.00000000 0.00000000 0.00000000
2140 :	3.369391806e+00  1.663239113e+00  5.031774464e+00 -3.325621771e+00  1.331491561e-08  6.716615551e-09
1.00000000 12.69550541 16.91623042 0.00000000 0.00000000 0.00000000
0.00000000 -0.00000004 -0.00000007 0.00000000 0.00000000 0.00000000
2150 :	3.369391809e+00  1.663239261e+00  5.031773514e+00 -3.325620966e+00  1.701630647e-08  6.795903678e-09
1.00000000 12.69549395 16.91622341 0.00000000 0.00000000 0.00000000
0.00000000 0.00000005 -0.00000003 0.00000000 0.00000000 0.00000000
2160 :	3.369391805e+00  1.663239270e+00  5.031775345e+00 -3.325622810e+00  1.644405756e-08  6.359388383e-09
1.00000000 12.69549434 16.91621427 0.00000000 0.00000000 0.00000000
0.00000000 0.00000006 -0.00000001 0.00000000 0.00000000 0.00000000
2170 :	3.369391804e+00  1.663239242e+00  5.031775933e+00 -3.325623371e+00  1.425756213e-08  6.196161307e-09
1.00000000 12.69549414 16.91619874 0.00000000 0.00000000 0.00000000
0.00000000 0.00000009 0.00000003 0.00000000 0.00000000 0.00000000
2180 :	3.369391801e+00  1.663239201e+00  5.031776516e+00 -3.325623916e+00  1.584491949e-08  6.012528501e-09
1.00000000 12.69549415 16.91619228 0.00000000 0.00000000 0.00000000
0.00000000 0.00000010 0.00000005 0.00000000 0.00000000 0.00000000
2190 :	3.369391800e+00  1.663239183e+00  5.031776629e+00 -3.325624012e+00  1.673466732e-08  6.018635347e-09
1.00000000 12.69550524 16.91618498 0.00000000 0.00000000 0.00000000
0.00000000 0.00000004 0.00000005 0.00000000 0.00000000 0.00000000
2200 :	3.369391802e+00  1.663239136e+00  5.031775756e+00 -3.325623090e+00  1.186771137e-08  6.514801495e-09
1.00000000 12.69551359 16.91616089 0.00000000 0.00000000 0.00000000
0.00000000 0.00000002 0.00000010 0.00000000 0.00000000 0.00000000
2210 :	3.369391800e+00  1.663239050e+00  5.031775625e+00 -3.325622875e+00  1.460198307e-08  6.108039781e-09
1.00000000 12.69550837 16.91620064 0.00000000 0.00000000 0.00000000
0.00000000 -0.00000001 0.00000001 0.00000000 0.00000000 0.00000000
2220 :	3.369391805e+00  1.663239171e+00  5.031771893e+00 -3.325619259e+00  1.749279088e-08  6.218505089e-09
1.00000000 12.69550527 16.91622434 0.00000000 0.00000000 0.00000000
0.00000000 -0.00000003 -0.00000005 0.00000000 0.00000000 0.00000000
2230 :	3.369391808e+00  1.663239244e+00  5.031771821e+00 -3.325619257e+00  1.419068263e-08  6.398973681e-09
1.00000000 12.69550789 16.91622335 0.00000000 0.00000000 0.00000000
0.00000000 -0.00000004 -0.00000005 0.00000000 0.00000000 0.00000000
2240 :	3.369391809e+00  1.663239236e+00  5.031772751e+00 -3.325620178e+00  1.501938784e-08  6.298441223e-09
1.00000000 12.69551490 16.91620977 0.00000000 0.00000000 0.00000000
0.00000000 -0.00000007 -0.00000003 0.00000000 0.00000000 0.00000000
2250 :	3.369391808e+00  1.663239183e+00  5.031775309e+00 -3.325622684e+00  1.973303465e-08  8.691161519e-09
1.00000000 12.69551597 16.91619242 0.00000000 0.00000000 0.00000000
0.00000000 -0.00000005 0.00000002 0.00000000 0.00000000 0.00000000
2260 :	3.369391806e+00  1.663239132e+00  5.031773813e+00 -3.325621139e+00  1.788967763e-08  7.264422836e-09
1.00000000 12.69550475 16.91622066 0.00000000 0.00000000 0.00000000
0.00000000 -0.00000002 -0.00000004 0.00000000 0.00000000 0.00000000
2270 :	3.369391808e+00  1.663239237e+00  5.031771334e+00 -3.325618764e+00  2.073629124e-08  6.337001775e-09
1.00000000 12.69548035 16.91627441 0.00000000 0.00000000 0.00000000
0.00000000 0.00000005 -0.00000014 0.00000000 0.00000000 0.00000000
2280 :	3.369391810e+00  1.663239442e+00  5.031774875e+00 -3.325622508e+00  2.149543266e-08  6.283506924e-09
1.00000000 12.69549211 16.91623184 0.00000000 0.00000000 0.00000000
0.00000000 0.00000005 -0.00000005 0.00000000 0.00000000 0.00000000
2290 :	3.369391806e+00  1.663239296e+00  5.031770745e+00 -3.325618235e+00  1.829603014e-08  8.459128693e-09
1.00000000 12.69549659 16.91622780 0.00000000 0.00000000 0.00000000
0.00000000 0.00000002 -0.00000005 0.00000000 0.00000000 0.00000000
2300 :	3.369391807e+00  1.663239275e+00  5.031772702e+00 -3.325620170e+00  1.526255067e-08  6.640194600e-09
1.00000000 12.69549457 16.91623454 0.00000000 0.00000000 0.00000000
0.00000000 0.00000002 -0.00000006 0.00000000 0.00000000 0.00000000
2310 :	3.369391807e+00  1.663239298e+00  5.031774920e+00 -3.325622411e+00  1.783691206e-08  6.042390916e-09
1.00000000 12.69549531 16.91623419 0.00000000 0.00000000 0.00000000
0.00000000 0.00000002 -0.00000006 0.00000000 0.00000000 0.00000000
2320 :	3.369391807e+00  1.663239297e+00  5.031774776e+00 -3.325622265e+00  1.435791463e-08  5.951965658e-09
1.00000000 12.69550551 16.91620079 0.00000000 0.00000000 0.00000000
0.00000000 0.00000001 0.00000001 0.00000000 0.00000000 0.00000000
2330 :	3.369391805e+00  1.663239180e+00  5.031771710e+00 -3.325619086e+00  1.489174795e-08  7.350331719e-09
1.00000000 12.69551035 16.91618370 0.00000000 0.00000000 0.00000000
0.00000000 0.00000001 0.00000005 0.00000000 0.00000000 0.00000000
2340 :	3.369391803e+00  1.663239122e+00  5.031769795e+00 -3.325617114e+00  1.883636269e-08  6.424033685e-09
1.00000000 12.69551311 16.91618854 0.00000000 0.00000000 0.00000000
0.00000000 -0.00000002 0.00000003 0.00000000 0.00000000 0.00000000
2350 :	3.369391805e+00  1.663239127e+00  5.031777898e+00 -3.325625221e+00  1.975426622e-08  7.608535121e-09
1.00000000 12.69551902 16.91617857 0.00000000 0.00000000 0.00000000
0.00000000 -0.00000004 0.00000005 0.00000000 0.00000000 0.00000000
2360 :	3.369391804e+00  1.663239086e+00  5.031775508e+00 -3.325622789e+00  1.407474670e-08  6.064977697e-09
1.00000000 12.69550489 16.91621303 0.00000000 0.00000000 0.00000000
0.00000000 -0.00000001 -0.00000002 0.00000000 0.00000000 0.00000000
2370 :	3.369391806e+00  1.663239215e+00  5.031779343e+00 -3.325626751e+00  1.442477848e-08  5.800446101e-09
1.00000000 12.69550240 16.91621012 0.00000000 0.00000000 0.00000000
0.00000000 0.00000001 -0.00000001 0.00000000 0.00000000 0.00000000
2380 :	3.369391805e+00  1.663239212e+00  5.031791881e+00 -3.325639287e+00  1.881782530e-08  6.905947715e-09
1.00000000 12.69550204 16.91619590 0.00000000 0.00000000 0.00000000
0.00000000 0.00000004 0.00000003 0.00000000 0.00000000 0.00000000
2390 :	3.369391803e+00  1.663239173e+00  5.031796633e+00 -3.325644003e+00  2.626118234e-08  6.782787436e-09
1.00000000 12.69549184 16.91620737 0.00000000 0.00000000 0.00000000
0.00000000 0.00000009 0.00000002 0.00000000 0.00000000 0.00000000
2400 :	3.369391802e+00  1.663239229e+00  5.031795539e+00 -3.325642966e+00  1.577389452e-08  5.488210863e-09
1.00000000 12.69548619 16.91622566 0.00000000 0.00000000 0.00000000
0.00000000 0.00000009 -0.00000002 0.00000000 0.00000000 0.00000000
2410 :	3.369391804e+00  1.663239293e+00  5.031792313e+00 -3.325639802e+00  1.365745439e-08  6.122168445e-09
1.00000000 12.69548475 16.91623523 0.00000000 0.00000000 0.00000000
0.00000000 0.00000009 -0.00000005 0.00000000 0.00000000 0.00000000
2420 :	3.369391805e+00  1.663239322e+00  5.031787525e+00 -3.325635042e+00  1.690597606e-08  5.669810002e-09
1.00000000 12.69548018 16.91624692 0.00000000 0.00000000 0.00000000
0.00000000 0.00000010 -0.00000007 0.00000000 0.00000000 0.00000000
2430 :	3.369391805e+00  1.663239365e+00  5.031787272e+00 -3.325634832e+00  1.737517608e-08  5.693767698e-09
1.00000000 12.69548282 16.91623520 0.00000000 0.00000000 0.00000000
0.00000000 0.00000010 -0.00000004 0.00000000 0.00000000 0.00000000
2440 :	3.369391804e+00  1.663239327e+00  5.031791211e+00 -3.325638734e+00  1.527193194e-08  6.093357275e-09
1.00000000 12.69547924 16.91623805 0.00000000 0.00000000 0.00000000
0.00000000 0.00000012 -0.00000005 0.00000000 0.00000000 0.00000000
2450 :	3.369391804e+00  1.663239343e+00  5.031794132e+00 -3.325641671e+00  1.582411024e-08  6.023676936e-09
1.00000000 12.69547372 16.91624804 0.00000000 0.00000000 0.00000000
0.00000000 0.00000014 -0.00000006 0.00000000 0.00000000 0.00000000
2460 :	3.369391804e+00  1.663239384e+00  5.031794987e+00 -3.325642567e+00  1.383677239e-08  5.347163094e-09
1.00000000 12.69547288 16.91625069 0.00000000 0.00000000 0.00000000
0.00000000 0.00000014 -0.00000007 0.00000000 0.00000000 0.00000000
2470 :	3.369391804e+00  1.663239393e+00  5.031791232e+00 -3.325638821e+00  1.947185979e-08  7.539393905e-09
1.00000000 12.69546641 16.91625234 0.00000000 0.00000000 0.00000000
0.00000000 0.00000018 -0.00000006 0.00000000 0.00000000 0.00000000
2480 :	3.369391803e+00  1.663239413e+00  5.031788094e+00 -3.325635704e+00  1.277904638e-08  5.390876733e-09
1.00000000 12.69545731 16.91626543 0.00000000 0.00000000 0.00000000
0.00000000 0.00000022 -0.00000008 0.00000000 0.00000000 0.00000000
2490 :	3.369391803e+00  1.663239473e+00  5.031792208e+00 -3.325639879e+00  1.637249636e-08  8.180239913e-09
1.00000000 12.69546859 16.91626461 0.00000000 0.00000000 0.00000000
0.00000000 0.00000015 -0.00000010 0.00000000 0.00000000 0.00000000
2500 :	3.369391805e+00  1.663239442e+00  5.031803394e+00 -3.325651031e+00  1.111096137e-08  4.950083454e-09
1.00000000 12.69549807 16.91625506 0.00000000 0.00000000 0.00000000
0.00000000 -0.00000003 -0.00000012 0.00000000 0.00000000 0.00000000
2510 :	3.369391811e+00  1.663239351e+00  5.031822827e+00 -3.325670367e+00  6.721157469e-08  3.237624657e-08
1.00000000 12.69549912 16.91627208 0.00000000 0.00000000 0.00000000
0.00000000 -0.00000007 -0.00000017 0.00000000 0.00000000 0.00000000
2520 :	3.369391814e+00  1.663239392e+00  5.031827936e+00 -3.325675514e+00  4.128870068e-08  2.080323949e-08
1.00000000 12.69549673 16.91629610 0.00000000 0.00000000 0.00000000
0.00000000 -0.00000009 -0.00000023 0.00000000 0.00000000 0.00000000
2530 :	3.369391818e+00  1.663239463e+00  5.031829861e+00 -3.325677507e+00  2.236533403e-08  1.130803419e-08
**************************Done*****************************
Total Elapsed Time(s): 2710.53000(680.20026) Volume Fraction: 1636.88000(409.50940) Volume Fraction Kernel: 1439.35000(360.26536) Stress: 912.63000(228.25721) Stress Kernel: 844.99000(211.64541)
Volume Fraction: 1.00000
Chemical Potential: 32.29951
1.00000000 12.69549661 16.91629543 0.00000000 0.00000000 0.00000000
0.00000000 -0.00000009 -0.00000023 0.00000000 0.00000000 0.00000000
2533 :	3.369391817e+00  1.663239459e+00  5.031828503e+00 -3.325676144e+00  6.721994739e-09  3.526085550e-09
