1.00000000 6.20325489 6.20325486 0.00000000 0.00000000 0.00000000
0.00000000 0.00000000 0.000000000.00000000 0.00000000 0.00000000
0 :	1.167556457e+01  8.452789811e+00  4.515759717e+01 -4.193482241e+01  1.448161602e-02  4.280707736e-03
1.00000000 6.20325489 6.20325486 0.00000000 0.00000000 0.00000000
0.00000000 0.00000000 0.000000000.00000000 0.00000000 0.00000000
100 :	1.167571355e+01  8.453360162e+00  4.516615482e+01 -4.194380142e+01  3.150463241e-07  4.696714332e-08
**************************Done*****************************
Total Elapsed Time(s): 301.08000(151.18310) Volume Fraction: 299.50000(150.25974) Volume Fraction Kernel: 245.20000(122.87438) Stress: 0.00000(0.00000) Stress Kernel: 0.00000(0.00000)
Volume Fraction: 1.00000
Chemical Potential: 45.16615
1.00000000 6.20325489 6.20325486 0.00000000 0.00000000 0.00000000
0.00000000 0.00000000 0.00000000 0.00000000 0.00000000 0.00000000
167 :	1.167571355e+01  8.453360102e+00  4.516615474e+01 -4.194380129e+01  8.784508787e-09  1.683195709e-09
