1.00000000 3.91607600 2.26122600 0.00000000 0.00000000 0.00000000
0.00000000 0.00000000 0.000000000.00000000 0.00000000 0.00000000
0 :	1.219865784e+01  1.177880449e+01  5.038099552e+01 -4.996114217e+01  4.840649999e-01  7.627193598e-01
1.00000000 3.90549208 2.24569967 0.00000000 0.00000000 0.00000000
0.00000000 -0.01048655 -0.01811863 0.00000000 0.00000000 0.00000000
100 :	1.172876485e+01  8.621597364e+00  2.035039294e+01 -1.724322545e+01  1.007415795e-04  3.244066183e-05
1.00000000 3.87678741 2.19611036 0.00000000 0.00000000 0.00000000
0.00000000 -0.00272993 -0.00514228 0.00000000 0.00000000 0.00000000
200 :	1.172800628e+01  8.592710775e+00  2.032074808e+01 -1.718545258e+01  3.834863773e-05  1.107637923e-05
1.00000000 3.86610221 2.17721825 0.00000000 0.00000000 0.00000000
0.00000000 0.00033791 -0.00003171 0.00000000 0.00000000 0.00000000
300 :	1.172794911e+01  8.582734620e+00  2.031068102e+01 -1.716546653e+01  1.076454208e-06  3.135150548e-07
1.00000000 3.86454368 2.17793807 0.00000000 0.00000000 0.00000000
0.00000000 0.00035602 0.00001695 0.00000000 0.00000000 0.00000000
400 :	1.172794969e+01  8.582686240e+00  2.031063141e+01 -1.716536796e+01  1.229943808e-06  3.352554174e-07
1.00000000 3.85955985 2.18159771 0.00000000 0.00000000 0.00000000
0.00000000 0.00024288 -0.00010215 0.00000000 0.00000000 0.00000000
500 :	1.172795118e+01  8.583062349e+00  2.031101023e+01 -1.716612139e+01  1.386354545e-06  5.293171546e-07
1.00000000 3.85427718 2.18433434 0.00000000 0.00000000 0.00000000
0.00000000 0.00026638 0.00000178 0.00000000 0.00000000 0.00000000
600 :	1.172795272e+01  8.583003051e+00  2.031094777e+01 -1.716599810e+01  2.354348241e-06  7.300373709e-07
1.00000000 3.84649933 2.18891183 0.00000000 0.00000000 0.00000000
0.00000000 0.00023078 0.00004115 0.00000000 0.00000000 0.00000000
700 :	1.172795454e+01  8.583114894e+00  2.031105999e+01 -1.716622034e+01  1.438800096e-06  4.472271999e-07
1.00000000 3.83770619 2.19446720 0.00000000 0.00000000 0.00000000
0.00000000 0.00014138 0.00000657 0.00000000 0.00000000 0.00000000
800 :	1.172795594e+01  8.583364492e+00  2.031130687e+01 -1.716671542e+01  1.182478872e-06  3.537343848e-07
1.00000000 3.83324941 2.19717787 0.00000000 0.00000000 0.00000000
0.00000000 0.00010876 0.00000932 0.00000000 0.00000000 0.00000000
900 :	1.172795645e+01  8.583438887e+00  2.031137424e+01 -1.716685668e+01  8.135364311e-07  2.449016576e-07
1.00000000 3.83068064 2.19869056 0.00000000 0.00000000 0.00000000
0.00000000 0.00009597 0.00002069 0.00000000 0.00000000 0.00000000
1000 :	1.172795669e+01  8.583460339e+00  2.031139949e+01 -1.716690314e+01  4.080372155e-07  1.256495937e-07
1.00000000 3.82567411 2.20178959 0.00000000 0.00000000 0.00000000
0.00000000 0.00005190 0.00001170 0.00000000 0.00000000 0.00000000
1100 :	1.172795697e+01  8.583553745e+00  2.031149303e+01 -1.716708981e+01  2.451501966e-07  9.867402530e-08
1.00000000 3.82187126 2.20413421 0.00000000 0.00000000 0.00000000
0.00000000 0.00001932 0.00000622 0.00000000 0.00000000 0.00000000
1200 :	1.172795705e+01  8.583615310e+00  2.031155765e+01 -1.716721591e+01  1.484631184e-07  3.415687771e-08
1.00000000 3.81977171 2.20544639 0.00000000 0.00000000 0.00000000
0.00000000 -0.00000101 -0.00000061 0.00000000 0.00000000 0.00000000
1300 :	1.172795705e+01  8.583653998e+00  2.031158282e+01 -1.716727977e+01  1.145448453e-08  1.531109771e-09
**************************Done*****************************
Total Elapsed Time(s): 282.56000(146.66495) Volume Fraction: 192.16000(96.53411) Volume Fraction Kernel: 146.33000(73.48348) Stress: 88.49000(44.20146) Stress Kernel: 72.54000(36.39674)
Volume Fraction: 1.00000
Chemical Potential: 20.31158
1.00000000 3.81979236 2.20543419 0.00000000 0.00000000 0.00000000
0.00000000 -0.00000089 -0.00000069 0.00000000 0.00000000 0.00000000
1319 :	1.172795705e+01  8.583653889e+00  2.031158276e+01 -1.716727960e+01  9.777743393e-09  1.581128764e-09
